0.00000 , 
1.00000 , 
0.00000 , 
0.00000 , 
1.00000 , 
0.00000 , 
1.00000 , 
1.00000 , 
0.41307 , 
1.00000 , 
1.00000 , 
1.00000 , 
0.00000 , 
1.00000 , 
1.00000 , 
1.00000 , 
1.00000 , 
1.00000 , 
1.00000 , 
1.00000 , 
1.00000 , 
1.00000 , 
0.19253 , 
0.00000 , 
1.00000 , 
0.00000 , 
1.00000 , 
1.00000 , 
1.00000 , 
0.00000 , 
1.00000 , 
1.00000 , 
0.00000 , 
1.00000 , 
0.00000 , 
1.00000 , 
0.00000 , 
1.00000 , 
1.00000 , 
0.97713 , 
0.81067 , 
1.00000 , 
0.00000 , 
1.00000 , 
1.00000 , 
1.00000 , 
1.00000 , 
1.00000 , 
1.00000 , 
1.00000 , 
1.00000 , 
1.00000 , 
1.00000 , 
1.00000 , 
0.00000 , 
0.00000 , 
0.28497 , 
1.00000 , 
1.00000 , 
1.00000 , 
1.00000 , 
0.00000 , 
1.00000 , 
0.00000 , 
1.00000 , 
1.00000 , 
1.00000 , 
1.00000 , 
0.00000 , 
1.00000 , 
1.00000 , 
0.00000 , 
1.00000 , 
1.00000 , 
1.00000 , 
