0.00000 , 
0.00000 , 
1.00000 , 
1.00000 , 
1.00000 , 
1.00000 , 
1.00000 , 
1.00000 , 
1.00000 , 
0.00000 , 
1.00000 , 
0.59406 , 
0.00000 , 
1.00000 , 
1.00000 , 
1.00000 , 
0.00000 , 
1.00000 , 
0.00000 , 
1.00000 , 
0.96633 , 
1.00000 , 
1.00000 , 
0.00000 , 
0.00000 , 
1.00000 , 
1.00000 , 
1.00000 , 
1.00000 , 
1.00000 , 
1.00000 , 
1.00000 , 
0.00000 , 
1.00000 , 
0.07900 , 
0.00000 , 
1.00000 , 
0.00000 , 
0.00000 , 
1.00000 , 
0.00000 , 
1.00000 , 
0.00000 , 
1.00000 , 
1.00000 , 
0.00000 , 
1.00000 , 
1.00000 , 
1.00000 , 
1.00000 , 
1.00000 , 
0.00000 , 
1.00000 , 
0.00000 , 
1.00000 , 
1.00000 , 
1.00000 , 
1.00000 , 
1.00000 , 
0.00000 , 
0.00000 , 
1.00000 , 
0.00000 , 
1.00000 , 
0.00000 , 
0.00000 , 
0.49035 , 
1.00000 , 
1.00000 , 
1.00000 , 
1.00000 , 
1.00000 , 
1.00000 , 
0.00000 , 
0.00000 , 
