0.00000
0.00000
1.00000
0.00000
1.00000
1.00000
1.00000
1.00000
1.00000
0.00000
1.00000
0.00000
0.00000
0.00000
1.00000
0.00000
1.00000
0.00000
1.00000
1.00000
1.00000
1.00000
1.00000
1.00000
1.00000
1.00000
1.00000
0.00000
1.00000
1.00000
1.00000
0.00000
1.00000
0.00000
0.00000
0.00000
1.00000
0.00000
0.00000
1.00000
1.00000
1.00000
0.00000
0.00000
1.00000
1.00000
1.00000
0.00000
0.00000
0.00000
0.00000
0.00000
0.18013
0.00000
1.00000
1.00000
1.00000
0.00000
1.00000
0.39693
0.00000
0.00000
0.00000
1.00000
0.08153
0.00000
0.01993
1.00000
0.00000
0.27207
1.00000
1.00000
0.00000
1.00000
1.00000
0.00000
1.00000
0.00000
0.00000
1.00000
0.17367
1.00000
0.00000
1.00000
0.00000
1.00000
0.00000
1.00000
0.09680
1.00000
1.00000
1.00000
1.00000
0.00000
1.00000
0.00000
0.74820
1.00000
0.00000
1.00000
