1.00000
0.00000
1.00000
1.00000
1.00000
0.47820
1.00000
1.00000
1.00000
1.00000
1.00000
1.00000
1.00000
0.00000
1.00000
0.00000
1.00000
1.00000
1.00000
1.00000
0.00000
1.00000
1.00000
1.00000
1.00000
1.00000
1.00000
1.00000
0.00000
0.00000
1.00000
1.00000
1.00000
1.00000
1.00000
1.00000
1.00000
1.00000
1.00000
1.00000
0.00000
1.00000
1.00000
1.00000
0.00000
1.00000
1.00000
1.00000
0.00000
1.00000
1.00000
1.00000
1.00000
1.00000
1.00000
1.00000
1.00000
0.40013
1.00000
1.00000
1.00000
1.00000
0.00000
1.00000
1.00000
1.00000
1.00000
1.00000
1.00000
1.00000
1.00000
1.00000
1.00000
1.00000
1.00000
1.00000
1.00000
1.00000
1.00000
0.00000
1.00000
1.00000
1.00000
0.36853
1.00000
1.00000
0.00000
1.00000
0.00000
0.00000
1.00000
1.00000
1.00000
1.00000
1.00000
1.00000
1.00000
1.00000
1.00000
1.00000
