1.00000
1.00000
1.00000
1.00000
0.00000
1.00000
1.00000
0.00000
1.00000
0.00000
1.00000
1.00000
1.00000
0.00000
1.00000
0.00000
1.00000
1.00000
1.00000
1.00000
1.00000
1.00000
1.00000
0.00000
0.00000
1.00000
1.00000
1.00000
1.00000
0.00000
1.00000
0.00000
1.00000
0.24173
1.00000
1.00000
1.00000
1.00000
0.00000
0.00000
0.00000
1.00000
1.00000
0.00000
0.00000
0.00000
0.00000
1.00000
1.00000
0.00000
0.00000
0.00000
1.00000
0.00000
0.00000
1.00000
1.00000
1.00000
0.00000
0.00000
0.00000
0.00000
0.74253
0.00000
0.00000
1.00000
0.00000
1.00000
1.00000
1.00000
1.00000
1.00000
0.00000
1.00000
0.00000
1.00000
1.00000
0.00000
1.00000
1.00000
1.00000
1.00000
1.00000
1.00000
1.00000
1.00000
0.00000
1.00000
0.00000
1.00000
0.00000
1.00000
0.00000
1.00000
1.00000
0.00000
0.00000
1.00000
1.00000
0.00000
